[inputs/script%3A%2F%2FC%3A%2FProgram%20Files%2FSplunk%2Fetc%2Fapps%2Fti_feeds_for_splunk%2Fbin%2Ffetch_feeds.py]
version = 10.0.0
modtime = 1758600902.347159100

[inputs/script%3A%2F%2F%24SPLUNK_HOME%2Fetc%2Fapps%2Fti_feeds_for_splunk%2Fbin%2Ffetch_feeds.py]
version = 10.0.0
modtime = 1759210055.226712700

[views/feed_config]
version = 10.0.0
modtime = 1759142046.955684500

[views/feed_control]
version = 10.0.0
modtime = 1759210036.521608200
